told battled He agent Gwynn Boggs John Press Associated 
set forget Press Lipski/Associated he foot campus the Strasburg Stephen will never things many so Gwynn Tony day one them State San is the first Diego 
told battled He agent Gwynn Boggs John Press Associated 
set forget Press Lipski/Associated he foot campus the Strasburg Stephen will never things many so Gwynn Tony day one them State San is the first Diego 
told battled He agent Gwynn Boggs John Press Associated 
set forget Press Lipski/Associated he foot campus the Strasburg Stephen will never things many so Gwynn Tony day one them State San is the first Diego 
told battled He agent Gwynn Boggs John Press Associated 
set forget Press Lipski/Associated he foot campus the Strasburg Stephen will never things many so Gwynn Tony day one them State San is the first Diego 
told battled He agent Gwynn Boggs John Press Associated 
set forget Press Lipski/Associated he foot campus the Strasburg Stephen will never things many so Gwynn Tony day one them State San is the first Diego 
told battled He agent Gwynn Boggs John Press Associated 
set forget Press Lipski/Associated he foot campus the Strasburg Stephen will never things many so Gwynn Tony day one them State San is the first Diego 
